base_link: openarm_link0
ee_link: openarm_hand
screw_representation: body  # space or body
joint_names: [openarm_joint1, openarm_joint2, openarm_joint3, openarm_joint4, openarm_joint5, openarm_joint6, openarm_joint7]
num_joints: 7
screw_list:
  openarm_joint1: [0.0045000000, 0.0000010000, 0.0000000000, 0.0000000000, 0.0000000000, 1.0000000000]
  openarm_joint2: [0.0000000000, 0.5361000000, 0.0045000000, -1.0000000000, 0.0000000000, 0.0000000000]
  openarm_joint3: [0.0045000000, 0.0000010000, 0.0000000000, 0.0000000000, 0.0000000000, 1.0000000000]
  openarm_joint4: [0.3161000000, 0.0000000000, -0.0000010000, 0.0000000000, 1.0000000000, 0.0000000000]
  openarm_joint5: [0.0045000000, 0.0000010000, 0.0000000000, 0.0000000000, 0.0000000000, 1.0000000000]
  openarm_joint6: [0.0000000000, -0.1001000000, -0.0045000000, 1.0000000000, 0.0000000000, 0.0000000000]
  openarm_joint7: [-0.1001000000, 0.0000000000, 0.0000010000, 0.0000000000, -1.0000000000, 0.0000000000]
M_position: [0.0000010000, -0.0045000000, 0.6586000000]
M_quaternion_wxyz: [1.0000000000, 0.0000000000, 0.0000000000, 0.0000000000]
