base_link: openarm_body_link0
ee_link: openarm_right_hand
screw_representation: body  # space or body
joint_names: [openarm_right_joint1, openarm_right_joint2, openarm_right_joint3, openarm_right_joint4, openarm_right_joint5, openarm_right_joint6, openarm_right_joint7]
num_joints: 7
screw_list:
  openarm_right_joint1: [0.5361000000, 0.0000000000, -0.0000010000, 0.0000000000, 1.0000000000, 0.0000000000]
  openarm_right_joint2: [0.0000000000, 0.5361000000, 0.0045000000, -1.0000000000, 0.0000000000, 0.0000000000]
  openarm_right_joint3: [0.0045000000, 0.0000010000, -0.0000000000, 0.0000000000, -0.0000000000, 1.0000000000]
  openarm_right_joint4: [0.3161000000, 0.0000000000, -0.0000010000, 0.0000000000, 1.0000000000, -0.0000000000]
  openarm_right_joint5: [0.0045000000, 0.0000010000, -0.0000000000, 0.0000000000, -0.0000000000, 1.0000000000]
  openarm_right_joint6: [0.0000000000, -0.1001000000, -0.0045000000, 1.0000000000, 0.0000000000, 0.0000000000]
  openarm_right_joint7: [0.1001000000, 0.0000000000, -0.0000010000, 0.0000000000, 1.0000000000, -0.0000000000]
M_position: [0.0000010000, -0.1489980308, 0.1618995666]
M_quaternion_wxyz: [-0.0000018366, 1.0000000000, 0.0000000000, 0.0000000000]
